Estación:       BA. DE KINO II,  SON
Operada por:    SMN EMAS
Longitud:       111°55'19"  Latitud: 28°48'54"  Altitud: 2

DD/MM/AAAA HH:MM      DIRS      DIRR      VELS      VELR      TEMP        HR        PB      PREC   RADSOL
21/01/2019 12:00        14       352      7.24     14.40       7.6        79    1013.3       0.0      -1.0
21/01/2019 13:00       346       331     10.81     21.60       7.0        82    1013.5       0.0      -1.0
21/01/2019 14:00       321       337     10.81     23.80       7.3        78    1014.2       0.0      21.7
21/01/2019 15:00       337       331      7.61     20.50      10.5        68    1014.7       0.0     177.2
21/01/2019 16:00       333       349      9.50     21.20      15.0        54    1015.1       0.0     307.7
21/01/2019 17:00        76        32      5.86     16.60      18.5        48    1015.1       0.0     441.7
21/01/2019 18:00        96       105      9.21     14.00      18.6        54    1014.9       0.0     431.5
21/01/2019 19:00       134       156      5.49     15.10      21.8        37    1014.4       0.0     611.8
21/01/2019 20:00       184       171      9.56     18.00      21.2        42    1013.5       0.0     559.7
21/01/2019 21:00       162       158     11.81     19.10      20.6        50    1012.5       0.0     530.0
21/01/2019 22:00       155       149     16.63     26.30      21.4        51    1011.1       0.0     460.3
21/01/2019 23:00       158       164     13.11     22.30      20.6        60    1011.0       0.0     243.3
22/01/2019 00:00       158       155      7.79     23.00      19.0        70    1011.0       0.0      39.5
22/01/2019 01:00       212       237      6.03     10.80      17.7        86    1010.8       0.0      -0.8
22/01/2019 02:00       224       263      4.00      8.60      16.5        91    1011.1       0.0      -1.0
22/01/2019 03:00       223       246      8.22     18.70      17.1        86    1011.6       0.0      -1.0
22/01/2019 04:00       270       236     12.87     25.20      17.3        63    1011.7       0.0      -1.0
22/01/2019 05:00       266       268     14.09     23.80      17.4        59    1011.9       0.0      -1.0
22/01/2019 06:00       257       248     14.73     24.10      17.0        65    1012.6       0.0      -1.0
22/01/2019 07:00       267       275     14.81     26.30      16.6        64    1013.0       0.0      -1.0
22/01/2019 08:00       282       288     16.34     31.00      16.4        69    1013.5       0.0      -1.0
22/01/2019 09:00       275       282      9.03     21.20      15.5        70    1014.0       0.0      -1.0
22/01/2019 10:00       279       273     19.56     29.50      15.8        73    1014.3       0.0      -1.0
22/01/2019 11:00       291       296     12.61     36.00      15.2        68    1014.8       0.0      -1.0
22/01/2019 12:00       298       299     13.55     27.40      14.2        56    1015.1       0.0      -1.0
22/01/2019 13:00       288       278      9.25     18.40      12.7        58    1015.6       0.0      -1.0
22/01/2019 14:00       276       274     10.50     15.50      12.9        58    1016.6       0.0      15.0
22/01/2019 15:00       300       280      8.10     17.30      14.2        56    1017.6       0.0     156.8
22/01/2019 16:00       278       274     18.59     30.20      17.3        40    1018.3       0.0     262.3
22/01/2019 17:00       293       285     15.19     25.90      18.9        30    1019.0       0.0     550.7
22/01/2019 18:00       249       240     20.45     36.40      19.6        32    1019.0       0.0     649.5
22/01/2019 19:00       257       252     27.09     47.50      20.0        31    1018.5       0.0     762.8
22/01/2019 20:00       275       282     29.50     47.90      20.7        24    1017.8       0.0     744.0
22/01/2019 21:00       254       250     31.07     51.10      19.9        30    1017.5       0.0     650.8
22/01/2019 22:00       252       263     35.01     55.40      18.5        38    1017.7       0.0     506.2
22/01/2019 23:00       259       258     31.62     52.60      17.8        36    1017.9       0.0     317.3
23/01/2019 00:00       266       273     31.31     47.20      16.9        36    1018.3       0.0     101.0
23/01/2019 01:00       266       252     27.28     44.60      15.6        41    1018.9       0.0      -0.5
23/01/2019 02:00       271       267     31.07     50.80      15.2        44    1019.6       0.0      -1.0
23/01/2019 03:00       288       291     30.80     53.60      15.3        43    1019.7       0.0      -1.0
23/01/2019 04:00       283       276     25.54     42.80      15.1        40    1020.1       0.0      -1.0
23/01/2019 05:00       272       257     19.59     30.60      14.9        40    1020.9       0.0      -1.0
23/01/2019 06:00       279       284     14.25     27.00      14.5        38    1021.0       0.0      -1.0
23/01/2019 07:00       270       268     12.16     19.10      12.9        38    1021.3       0.0      -1.0
23/01/2019 08:00       283       286     16.88     27.70      13.9        34    1021.3       0.0      -1.0
23/01/2019 09:00       291       281     16.02     31.30      14.0        35    1021.3       0.0      -1.0
23/01/2019 10:00       311       321     14.64     22.70      12.6        36    1021.4       0.0      -1.0
23/01/2019 11:00       337       315     15.00     23.40      10.4        39    1021.3       0.0      -1.0
23/01/2019 12:00       340       341     18.22     25.60       8.7        43    1021.2       0.0      -1.0
23/01/2019 13:00       334       332     17.19     32.40       8.4        43    1021.5       0.0      -1.0
23/01/2019 14:00       333       333     17.93     26.60       7.1        46    1022.0       0.0      20.7
23/01/2019 15:00       333       325     19.71     27.70      10.3        39    1022.1       0.0     168.0
23/01/2019 16:00       325       330     18.72     29.90      14.7        30    1022.4       0.0     269.2
23/01/2019 17:00       315       299     20.22     29.50      18.3        22    1022.8       0.0     560.2
23/01/2019 18:00       311       337     15.88     28.10      20.6        18    1022.5       0.0     660.2
23/01/2019 19:00       295       300     19.23     32.00      22.0        20    1021.2       0.0     771.3
23/01/2019 20:00       294       294     21.42     34.90      22.6        17    1019.6       0.0     756.5
23/01/2019 21:00       265       242     24.15     37.80      22.0        24    1018.7       0.0     658.8
23/01/2019 22:00       266       269     28.59     47.50      21.2        27    1018.0       0.0     514.2
23/01/2019 23:00       272       274     28.47     43.20      19.9        35    1017.7       0.0     321.5
24/01/2019 00:00       280       273     28.08     48.20      18.2        42    1017.3       0.0     104.2
24/01/2019 01:00       277       277     24.51     45.00      16.4        51    1017.5       0.0      -0.2
24/01/2019 02:00       271       275     21.14     38.20      15.6        55    1017.8       0.0      -1.0
24/01/2019 03:00       281       287     21.35     35.30      15.4        57    1017.8       0.0      -1.0
24/01/2019 04:00       285       289     21.26     37.10      15.2        57    1017.7       0.0      -1.0
24/01/2019 05:00       278       286     17.01     27.00      14.8        55    1017.4       0.0      -1.0
24/01/2019 06:00       269       279      7.09     22.70      14.2        50    1017.4       0.0      -1.0
24/01/2019 07:00       270       278     11.58     22.30      14.4        46    1017.3       0.0      -1.0
24/01/2019 08:00       268       287      4.70     15.50      13.6        48    1017.2       0.0      -1.0
24/01/2019 09:00       263       274     10.87     25.20      14.3        44    1016.8       0.0      -1.0
24/01/2019 10:00       267       289      0.42     28.80      13.1        48    1016.6       0.0      -1.0
24/01/2019 11:00       306       271      8.38     21.20      12.2        52    1016.6       0.0      -1.0
24/01/2019 12:00       295       292     18.77     27.70      12.9        50    1016.1       0.0      -1.0
24/01/2019 13:00       266       285     13.35     23.40      13.3        48    1016.8       0.0      -1.0
24/01/2019 14:00       243       244     12.04     17.60      13.9        48    1017.3       0.0      20.5
24/01/2019 15:00       269       246      4.65     13.00      15.5        42    1018.0       0.0     160.0
24/01/2019 16:00        43        25      5.07     11.90      16.1        42    1018.3       0.0     222.8
24/01/2019 17:00       149       249      1.29     21.20      18.1        37    1018.6       0.0     511.5
24/01/2019 18:00       277       272     27.31     41.00      20.7        27    1017.6       0.0     648.7
24/01/2019 19:00       285       280     24.19     41.00      21.8        23    1016.1       0.0     768.0
24/01/2019 20:00       284       281     23.59     34.90      22.5        20    1015.1       0.0     731.5
24/01/2019 21:00       280       277     23.57     35.60      22.5        20    1014.4       0.0     634.3
24/01/2019 22:00       279       270     28.37     43.20      22.2        24    1013.8       0.0     510.0
24/01/2019 23:00       279       281     23.22     43.60      21.1        29    1014.6       0.0     300.3
25/01/2019 00:00       282       277     23.93     41.40      19.1        33    1014.8       0.0      79.8
25/01/2019 01:00       285       281     20.52     37.80      17.4        40    1015.2       0.0      -0.3
25/01/2019 02:00       274       276     21.55     33.80      17.0        44    1015.4       0.0      -1.0
25/01/2019 03:00       276       269     10.89     23.80      16.1        52    1015.2       0.0      -1.0
25/01/2019 04:00       269       267     15.21     27.00      16.1        53    1015.5       0.0      -1.0
25/01/2019 05:00       267       264     12.62     23.80      16.2        56    1015.8       0.0      -1.0
25/01/2019 06:00       268       266      8.53     19.10      15.9        58    1015.9       0.0      -1.0
25/01/2019 07:00       282       281      7.76     17.60      14.7        60    1015.9       0.0      -1.0
25/01/2019 08:00       136        66      0.82      7.60      12.6        72    1015.7       0.0      -1.0
25/01/2019 09:00        30        87      1.77      9.00      12.2        77    1015.6       0.0      -1.0
25/01/2019 10:00       321       324      8.06     13.30      11.3        82    1015.6       0.0      -1.0
25/01/2019 11:00        52       321      5.95     12.60      11.5        81    1015.7       0.0      -1.0
25/01/2019 12:00        48        23      5.88     12.60      10.6        76    1015.7       0.0      -1.0
25/01/2019 13:00        41        34      6.71     11.90       9.2        71    1016.1       0.0      -1.0
25/01/2019 14:00        36        47      7.02     11.50       8.9        60    1016.4       0.0      20.3
25/01/2019 15:00        82        11      3.47      7.20      10.5        51    1017.1       0.0     157.7
25/01/2019 16:00        82       102      3.94      8.60      13.7        48    1017.6       0.0     275.3
25/01/2019 17:00       180       144      1.29      7.90      18.1        41    1017.6       0.0     524.7
25/01/2019 18:00       236       240     12.48     27.00      20.5        40    1017.0       0.0     668.8
25/01/2019 19:00       253       241     17.70     29.50      22.1        36    1016.1       0.0     769.2
25/01/2019 20:00       251       272     19.66     31.30      22.3        33    1015.0       0.0     609.0
25/01/2019 21:00       242       254     19.06     33.50      20.4        44    1014.1       0.0     325.8
25/01/2019 22:00       260       263     15.77     27.00      21.4        33    1013.7       0.0     214.3
25/01/2019 23:00       249       261     16.01     25.90      21.3        33    1013.4       0.0     240.2
26/01/2019 00:00       253       262     16.85     28.40      19.6        42    1013.4       0.0      92.0
26/01/2019 01:00       262       262     19.07     32.00      17.5        44    1013.9       0.0      -0.7
26/01/2019 02:00       275       273     19.62     42.50      16.8        48    1014.6       0.0      -1.0
26/01/2019 03:00       266       244     12.12     21.20      16.3        48    1015.3       0.0      -1.0
26/01/2019 04:00       273       283     17.67     32.40      16.4        48    1015.6       0.0      -1.0
26/01/2019 05:00       268       269     22.81     36.40      16.7        50    1015.9       0.0      -1.0
26/01/2019 06:00       268       275     20.47     36.00      16.2        55    1015.9       0.0      -1.0
26/01/2019 07:00       261       268     16.25     42.50      16.3        56    1016.1       0.0      -1.0
26/01/2019 08:00       250       258     19.30     44.60      16.3        60    1016.2       0.0      -1.0
26/01/2019 09:00       267       265     19.63     41.40      15.7        59    1015.9       0.0      -1.0
26/01/2019 10:00       273       273     24.11     39.60      16.0        62    1016.0       0.0      -1.0
26/01/2019 11:00       280       270      5.18     28.10      14.7        69    1016.0       0.0      -1.0
26/01/2019 12:00       289       292      9.15     28.80      13.5        71    1016.3       0.0      -1.0
26/01/2019 13:00       267       285      9.03     20.90      12.5        62    1016.7       0.0      -1.0
26/01/2019 14:00       281       282     11.00     16.90      11.9        61    1017.4       0.0      21.7
26/01/2019 15:00       290       284     11.33     26.60      14.0
26/01/2019 16:00                                                          37    1017.6               266.7
26/01/2019 17:00
26/01/2019 18:00
26/01/2019 19:00
26/01/2019 20:00
26/01/2019 21:00
26/01/2019 22:00
26/01/2019 23:00
27/01/2019 00:00
27/01/2019 01:00
27/01/2019 02:00
27/01/2019 03:00
27/01/2019 04:00
27/01/2019 05:00
27/01/2019 06:00
27/01/2019 07:00
27/01/2019 08:00
27/01/2019 09:00
27/01/2019 10:00
27/01/2019 11:00
27/01/2019 12:00
27/01/2019 13:00
27/01/2019 14:00
27/01/2019 15:00
27/01/2019 16:00
27/01/2019 17:00
27/01/2019 18:00
27/01/2019 19:00
27/01/2019 20:00
27/01/2019 21:00
27/01/2019 22:00
27/01/2019 23:00
